/**:
  ros__parameters:
    camera_matrix:
      rows: 3
      cols: 3
      data: [471.953641, 0.000000, 309.509126, 0.000000, 476.574144, 228.222101, 0.000000, 0.000000, 1.000000]
    distortion_model: "plumb_bob"
    distortion_coefficients:
      rows: 1
      cols: 5
      data: [0.026101, -0.086354, -0.007248, -0.006668, 0.000000]
    rectification_matrix:
      rows: 3
      cols: 3
      data: [1.000000, 0.000000, 0.000000, 0.000000, 1.000000, 0.000000, 0.000000, 0.000000, 1.000000]
    projection_matrix:
      rows: 3
      cols: 4
      data: [467.736725, 0.000000, 303.752465, 0.000000, 0.000000, 476.485840, 224.713688, 0.000000, 0.000000, 0.000000, 1.000000, 0.000000]